A3GO2JCV966XGE:3WJ1OXY92CNIZX0QBLLJFH90CONA8Q,initialized,0,,1548835753186
A3GO2JCV966XGE:3WJ1OXY92CNIZX0QBLLJFH90CONA8Q,window_resize,0,"[1094, 526]",1548835753186
A3KY07F4SUBAIQ:3E13VNJ1NP2FUFZ3OO4HH5ABBQN1I2,initialized,0,,1548835829014
A3KY07F4SUBAIQ:3E13VNJ1NP2FUFZ3OO4HH5ABBQN1I2,window_resize,0,"[1366, 678]",1548835829014
A3KY07F4SUBAIQ:3E13VNJ1NP2FUFZ3OO4HH5ABBQN1I2,window_resize,93074,"[1024, 722]",1548835922088
A3KY07F4SUBAIQ:3E13VNJ1NP2FUFZ3OO4HH5ABBQN1I2,focus,955,off,1548835923043
A3KY07F4SUBAIQ:3E13VNJ1NP2FUFZ3OO4HH5ABBQN1I2,focus,6034,on,1548835929077
A3KY07F4SUBAIQ:3E13VNJ1NP2FUFZ3OO4HH5ABBQN1I2,focus,102973,off,1548836032050
A3KY07F4SUBAIQ:3E13VNJ1NP2FUFZ3OO4HH5ABBQN1I2,focus,8151,on,1548836040201
A3KY07F4SUBAIQ:3E13VNJ1NP2FUFZ3OO4HH5ABBQN1I2,focus,45596,off,1548836085797
A3KY07F4SUBAIQ:3E13VNJ1NP2FUFZ3OO4HH5ABBQN1I2,focus,8638,on,1548836094435
A3KY07F4SUBAIQ:3E13VNJ1NP2FUFZ3OO4HH5ABBQN1I2,focus,25111,off,1548836119546
A3KY07F4SUBAIQ:3E13VNJ1NP2FUFZ3OO4HH5ABBQN1I2,focus,9240,on,1548836128786
A3KY07F4SUBAIQ:3E13VNJ1NP2FUFZ3OO4HH5ABBQN1I2,focus,34666,off,1548836163452
A3KY07F4SUBAIQ:3E13VNJ1NP2FUFZ3OO4HH5ABBQN1I2,focus,8999,on,1548836172451
A1TK4406JHVAT:39ASUFLU6ZEB4BIAZYZXRZGKOCUXEG,initialized,0,,1548835958313
A1TK4406JHVAT:39ASUFLU6ZEB4BIAZYZXRZGKOCUXEG,window_resize,0,"[1366, 677]",1548835958313
APHQB0WGRUJTB:38F71OA9GV3SGDJ2G2HUY0LMT9PFMW,initialized,0,,1548836159684
APHQB0WGRUJTB:38F71OA9GV3SGDJ2G2HUY0LMT9PFMW,window_resize,0,"[1366, 677]",1548836159684
A3E1W8MNJUQF7I:3JC6VJ2SADQZCFHODNEG3XZ9AYMA5O,initialized,0,,1548836283067
A3E1W8MNJUQF7I:3JC6VJ2SADQZCFHODNEG3XZ9AYMA5O,window_resize,0,"[1024, 713]",1548836283067
A3NJL0QTMITH08:3OF2M9AATIV3V6AZW2YLMF90G9QZK1,initialized,0,,1548836281538
A3NJL0QTMITH08:3OF2M9AATIV3V6AZW2YLMF90G9QZK1,window_resize,1,"[1280, 933]",1548836281539
A3NJL0QTMITH08:3OF2M9AATIV3V6AZW2YLMF90G9QZK1,focus,215684,off,1548836497223
A3NJL0QTMITH08:3OF2M9AATIV3V6AZW2YLMF90G9QZK1,focus,2981,on,1548836500204
A16HSMUJ7C7QA7:3LWJHTCVCETJ1SHU8VOBF95R3AMFQJ,initialized,0,,1548836812306
A16HSMUJ7C7QA7:3LWJHTCVCETJ1SHU8VOBF95R3AMFQJ,window_resize,0,"[922, 691]",1548836812306
A16HSMUJ7C7QA7:3LWJHTCVCETJ1SHU8VOBF95R3AMFQJ,focus,1225,on,1548836813531
A16HSMUJ7C7QA7:3LWJHTCVCETJ1SHU8VOBF95R3AMFQJ,window_resize,28498,"[922, 818]",1548836842029
A16HSMUJ7C7QA7:3LWJHTCVCETJ1SHU8VOBF95R3AMFQJ,focus,28647,off,1548836870676
A16HSMUJ7C7QA7:3LWJHTCVCETJ1SHU8VOBF95R3AMFQJ,focus,17753,on,1548836888429
A208PEBUMRIFP6:333U7HK6IBM5HLZLMZ9CU8QKD2FDJG,initialized,0,,1548836823711
A208PEBUMRIFP6:333U7HK6IBM5HLZLMZ9CU8QKD2FDJG,window_resize,1,"[1024, 713]",1548836823712
A17D6BK59S31BM:3I33IC7ZWH97DIY1V4CI5QWXQOVA2N,initialized,0,,1548837212176
A17D6BK59S31BM:3I33IC7ZWH97DIY1V4CI5QWXQOVA2N,window_resize,0,"[1024, 771]",1548837212176
A17D6BK59S31BM:3I33IC7ZWH97DIY1V4CI5QWXQOVA2N,focus,111116,off,1548837323292
A17D6BK59S31BM:3I33IC7ZWH97DIY1V4CI5QWXQOVA2N,focus,2532,on,1548837325824
AT6OT5K5Z4V0J:32SVAV9L3HGWY0UKZ4QNO01PW2VA3Y,initialized,0,,1548837278976
AT6OT5K5Z4V0J:32SVAV9L3HGWY0UKZ4QNO01PW2VA3Y,window_resize,0,"[1360, 677]",1548837278976
AT6OT5K5Z4V0J:32SVAV9L3HGWY0UKZ4QNO01PW2VA3Y,window_resize,14361,"[1511, 752]",1548837293337
AT6OT5K5Z4V0J:32SVAV9L3HGWY0UKZ4QNO01PW2VA3Y,window_resize,893,"[1700, 846]",1548837294230
AT6OT5K5Z4V0J:32SVAV9L3HGWY0UKZ4QNO01PW2VA3Y,window_resize,917,"[1813, 902]",1548837295147
AT6OT5K5Z4V0J:32SVAV9L3HGWY0UKZ4QNO01PW2VA3Y,window_resize,3831,"[1511, 752]",1548837298978
AT6OT5K5Z4V0J:32SVAV9L3HGWY0UKZ4QNO01PW2VA3Y,window_resize,731,"[1088, 542]",1548837299709
AT6OT5K5Z4V0J:32SVAV9L3HGWY0UKZ4QNO01PW2VA3Y,window_resize,880,"[544, 271]",1548837300589
AT6OT5K5Z4V0J:32SVAV9L3HGWY0UKZ4QNO01PW2VA3Y,window_resize,1185,"[907, 451]",1548837301774
AT6OT5K5Z4V0J:32SVAV9L3HGWY0UKZ4QNO01PW2VA3Y,window_resize,1129,"[1088, 542]",1548837302903
AT6OT5K5Z4V0J:32SVAV9L3HGWY0UKZ4QNO01PW2VA3Y,focus,1130,off,1548837304033
AT6OT5K5Z4V0J:32SVAV9L3HGWY0UKZ4QNO01PW2VA3Y,window_resize,318,"[1360, 677]",1548837304351
AT6OT5K5Z4V0J:32SVAV9L3HGWY0UKZ4QNO01PW2VA3Y,focus,1436,on,1548837305787
AT6OT5K5Z4V0J:32SVAV9L3HGWY0UKZ4QNO01PW2VA3Y,window_resize,2473,"[1360, 768]",1548837308260
AT6OT5K5Z4V0J:32SVAV9L3HGWY0UKZ4QNO01PW2VA3Y,focus,30777,off,1548837339037
AT6OT5K5Z4V0J:32SVAV9L3HGWY0UKZ4QNO01PW2VA3Y,focus,6687,on,1548837345724
APU45GKMWK1L:34FNN24DCOG08XFRTTSW6JHGDQW5Y2,initialized,0,,1548837580410
APU45GKMWK1L:34FNN24DCOG08XFRTTSW6JHGDQW5Y2,window_resize,0,"[1280, 630]",1548837580410
APU45GKMWK1L:34FNN24DCOG08XFRTTSW6JHGDQW5Y2,focus,1426,off,1548837581836
APU45GKMWK1L:34FNN24DCOG08XFRTTSW6JHGDQW5Y2,focus,10035,on,1548837591871
APU45GKMWK1L:34FNN24DCOG08XFRTTSW6JHGDQW5Y2,window_resize,1919,"[1422, 700]",1548837593790
APU45GKMWK1L:34FNN24DCOG08XFRTTSW6JHGDQW5Y2,window_resize,876,"[1600, 787]",1548837594666
APU45GKMWK1L:34FNN24DCOG08XFRTTSW6JHGDQW5Y2,window_resize,480,"[1707, 840]",1548837595146
APU45GKMWK1L:34FNN24DCOG08XFRTTSW6JHGDQW5Y2,window_resize,897,"[1163, 573]",1548837596043
APU45GKMWK1L:34FNN24DCOG08XFRTTSW6JHGDQW5Y2,window_resize,388,"[1024, 504]",1548837596431
APU45GKMWK1L:34FNN24DCOG08XFRTTSW6JHGDQW5Y2,window_resize,480,"[853, 420]",1548837596911
APU45GKMWK1L:34FNN24DCOG08XFRTTSW6JHGDQW5Y2,window_resize,2413,"[1707, 840]",1548837599324
APU45GKMWK1L:34FNN24DCOG08XFRTTSW6JHGDQW5Y2,window_resize,808,"[5120, 2520]",1548837600132
APU45GKMWK1L:34FNN24DCOG08XFRTTSW6JHGDQW5Y2,window_resize,1457,"[1422, 700]",1548837601589
APU45GKMWK1L:34FNN24DCOG08XFRTTSW6JHGDQW5Y2,window_resize,565,"[1280, 630]",1548837602154
APU45GKMWK1L:34FNN24DCOG08XFRTTSW6JHGDQW5Y2,focus,35908,off,1548837638062
APU45GKMWK1L:34FNN24DCOG08XFRTTSW6JHGDQW5Y2,focus,1456,on,1548837639518
A3774HPOUKYTX7:37WLF8U1WRX17WQOUX1APHG5B5RK6T,initialized,0,,1548838042639
A3774HPOUKYTX7:37WLF8U1WRX17WQOUX1APHG5B5RK6T,window_resize,0,"[1024, 771]",1548838042639
A3774HPOUKYTX7:37WLF8U1WRX17WQOUX1APHG5B5RK6T,focus,13413,off,1548838056052
A3774HPOUKYTX7:37WLF8U1WRX17WQOUX1APHG5B5RK6T,focus,3270,on,1548838059322
A1AAO2R3FH2G49:3TVRFO09GMMPAHS2GKM14U64XAALX8,initialized,0,,1548839133840
A1AAO2R3FH2G49:3TVRFO09GMMPAHS2GKM14U64XAALX8,window_resize,0,"[1024, 713]",1548839133840
A1B41SBHTQBG8G:3DH6GAKTY0WYFBZG0HZCVNOBEPBYZ9,initialized,0,,1548839165504
A1B41SBHTQBG8G:3DH6GAKTY0WYFBZG0HZCVNOBEPBYZ9,window_resize,0,"[1024, 713]",1548839165504
A1IV1O890FN1QA:3EKVH9QME0B5BP1DFE3KVR43BRSD2S,initialized,0,,1548839814063
A1IV1O890FN1QA:3EKVH9QME0B5BP1DFE3KVR43BRSD2S,window_resize,0,"[1024, 722]",1548839814063
A1IV1O890FN1QA:3EKVH9QME0B5BP1DFE3KVR43BRSD2S,focus,21885,off,1548839835948
A1IV1O890FN1QA:3EKVH9QME0B5BP1DFE3KVR43BRSD2S,focus,142010,on,1548839977958
A1IV1O890FN1QA:3EKVH9QME0B5BP1DFE3KVR43BRSD2S,focus,458,off,1548839978416
A1IV1O890FN1QA:3EKVH9QME0B5BP1DFE3KVR43BRSD2S,focus,706,on,1548839979122
